0 0.217420 0.142276 0.110372 0.015357
0 0.386968 0.147245 0.170213 0.019874
0 0.662234 0.152665 0.335106 0.018970
0 0.356383 0.160117 0.393617 0.023939
0 0.720080 0.167118 0.230053 0.018970
0 0.329122 0.174797 0.192819 0.022584
0 0.532580 0.179088 0.118351 0.017615
0 0.692154 0.181120 0.123670 0.013550
0 0.246676 0.200090 0.057181 0.016260
0 0.347074 0.200994 0.103723 0.019874
0 0.471410 0.204381 0.105053 0.018519
0 0.592420 0.206414 0.113032 0.015357
0 0.709441 0.206414 0.105053 0.017164
0 0.297207 0.215673 0.065160 0.016712
0 0.410904 0.217480 0.122340 0.017615
0 0.541888 0.219512 0.099734 0.016260
0 0.660239 0.221093 0.102394 0.014905
0 0.272606 0.228094 0.140957 0.017164
0 0.398936 0.230352 0.085106 0.016260
0 0.515957 0.232836 0.098404 0.014905
0 0.621011 0.233288 0.085106 0.017615
0 0.728059 0.234192 0.110372 0.013098
0 0.741356 0.369241 0.198138 0.015808
