0 0.327017 0.057692 0.226161 0.024948
0 0.548900 0.062890 0.176039 0.019751
0 0.696822 0.064709 0.073350 0.019231
0 0.793399 0.066528 0.083130 0.017672
0 0.322738 0.074844 0.063570 0.016632
0 0.395477 0.077963 0.052567 0.018711
0 0.487164 0.080301 0.103912 0.020270
0 0.616748 0.082121 0.121027 0.018711
0 0.719438 0.084200 0.055012 0.018711
0 0.340465 0.092775 0.130807 0.019231
0 0.473716 0.096414 0.103912 0.017152
0 0.588631 0.099272 0.094132 0.018711
0 0.716381 0.099272 0.100244 0.016632
0 0.290954 0.107588 0.102689 0.019751
0 0.440098 0.112526 0.168704 0.017152
0 0.576406 0.114865 0.079462 0.016632
0 0.724939 0.116944 0.166259 0.018711
0 0.446210 0.258576 0.205379 0.018191
