0 0.363889 0.238376 0.079630 0.014407
0 0.466204 0.239686 0.121296 0.014407
0 0.543981 0.239686 0.030556 0.014407
0 0.580556 0.239686 0.035185 0.014407
0 0.444444 0.248854 0.066667 0.014407
0 0.352315 0.272430 0.015741 0.010478
0 0.378704 0.273084 0.031481 0.013098
0 0.414352 0.272430 0.043519 0.013098
0 0.445833 0.273084 0.023148 0.011788
0 0.482870 0.272430 0.049074 0.014407
0 0.541667 0.275377 0.072222 0.015062
0 0.394907 0.284217 0.041667 0.013098
0 0.432870 0.285527 0.032407 0.011788
0 0.467130 0.284217 0.028704 0.009168
0 0.499537 0.285855 0.034259 0.012443
0 0.532870 0.286509 0.028704 0.013752
