0 0.331296 0.057952 0.227384 0.023389
0 0.548900 0.062890 0.173594 0.022869
0 0.697433 0.065748 0.074572 0.017152
0 0.794621 0.068347 0.090465 0.020270
0 0.320905 0.074844 0.064792 0.017672
0 0.397311 0.077963 0.048900 0.016632
0 0.484108 0.079262 0.105134 0.018191
0 0.616748 0.082121 0.133252 0.016632
0 0.721883 0.083940 0.059902 0.018191
0 0.341687 0.092516 0.125917 0.018711
0 0.467604 0.095894 0.103912 0.018191
0 0.588020 0.097453 0.100244 0.019231
0 0.715159 0.098493 0.110024 0.016112
0 0.292176 0.109407 0.105134 0.016112
0 0.442543 0.112786 0.163814 0.017672
0 0.573350 0.115385 0.075795 0.017672
0 0.724328 0.118503 0.160147 0.017672
0 0.444988 0.259615 0.202934 0.017152
