0 0.310359 0.168900 0.035470 0.016819
0 0.357316 0.168187 0.051189 0.017104
0 0.442967 0.167617 0.112858 0.016534
0 0.510681 0.167902 0.014510 0.016534
0 0.552801 0.167617 0.064087 0.015964
0 0.328497 0.192132 0.018541 0.007982
0 0.348650 0.192560 0.016929 0.007697
0 0.374849 0.192417 0.033051 0.006842
0 0.410520 0.191562 0.034260 0.007982
0 0.444377 0.191420 0.032648 0.007697
0 0.484482 0.191277 0.043531 0.007412
0 0.534059 0.191562 0.051592 0.007982
0 0.404272 0.202252 0.054817 0.007697
0 0.449617 0.202537 0.031036 0.007697
0 0.483877 0.202109 0.034260 0.009122
0 0.571342 0.303592 0.077791 0.010832
