0 0.259705 0.044972 0.115127 0.026204
0 0.406292 0.045326 0.159304 0.031161
0 0.605756 0.049575 0.220884 0.024079
0 0.743641 0.048513 0.030790 0.021955
0 0.481928 0.074717 0.240964 0.026204
0 0.144578 0.095255 0.072289 0.023371
0 0.222892 0.094901 0.078983 0.022663
0 0.283133 0.097380 0.022758 0.020538
0 0.352075 0.099150 0.099063 0.024079
0 0.463186 0.098088 0.101740 0.023371
0 0.566934 0.102337 0.100402 0.020538
0 0.738956 0.099504 0.219545 0.026204
0 0.289157 0.123229 0.120482 0.024079
0 0.433066 0.124646 0.143240 0.022663
0 0.559572 0.126416 0.099063 0.023371
0 0.674699 0.126416 0.109772 0.026204
0 0.287149 0.151912 0.097724 0.026204
0 0.416332 0.153329 0.149933 0.023371
0 0.546185 0.154745 0.096386 0.023371
0 0.659304 0.155453 0.105756 0.023371
0 0.475234 0.178824 0.206158 0.024788
0 0.419009 0.346317 0.176707 0.024079
