0 0.163311 0.107104 0.138702 0.028415
0 0.324385 0.106011 0.129754 0.030601
0 0.480984 0.107650 0.152125 0.031694
0 0.682327 0.109290 0.214765 0.028415
0 0.140940 0.161749 0.098434 0.024044
0 0.266219 0.161202 0.125280 0.027322
0 0.398210 0.163388 0.098434 0.027322
0 0.572707 0.160656 0.192394 0.030601
0 0.770694 0.163388 0.145414 0.029508
0 0.170022 0.187432 0.143177 0.029508
0 0.294183 0.187432 0.060403 0.029508
0 0.555928 0.190710 0.127517 0.027322
0 0.697987 0.187978 0.111857 0.028415
0 0.209172 0.761749 0.234899 0.030601
