0 0.301198 0.147021 0.221557 0.012859
0 0.522156 0.143378 0.174850 0.015859
0 0.667066 0.139734 0.074251 0.012859
0 0.763473 0.135448 0.082635 0.012859
0 0.288024 0.161595 0.058683 0.012859
0 0.368263 0.160523 0.053892 0.014145
0 0.456886 0.161380 0.099401 0.013288
0 0.584431 0.156665 0.126946 0.013288
0 0.688623 0.154308 0.055090 0.012859
0 0.310778 0.176811 0.125749 0.011573
0 0.442515 0.175525 0.101796 0.013288
0 0.556287 0.173168 0.087425 0.013716
0 0.680838 0.169096 0.116168 0.015859
0 0.258084 0.189027 0.106587 0.012859
0 0.410778 0.189241 0.172455 0.014145
0 0.546707 0.187741 0.073054 0.013716
0 0.692216 0.182169 0.172455 0.017145
0 0.417365 0.312259 0.209581 0.014145
