0 0.327628 0.056393 0.229829 0.024428
0 0.547677 0.061590 0.171149 0.024428
0 0.695599 0.065229 0.073350 0.019231
0 0.790342 0.067827 0.081907 0.020270
0 0.319682 0.075624 0.059902 0.017152
0 0.395477 0.078482 0.055012 0.016632
0 0.487164 0.078482 0.101467 0.016632
0 0.616137 0.081861 0.132029 0.017152
0 0.723716 0.082640 0.061125 0.015593
0 0.337408 0.092256 0.127139 0.019231
0 0.467604 0.094854 0.111247 0.019231
0 0.589853 0.096933 0.099022 0.019231
0 0.713936 0.099792 0.110024 0.016632
0 0.290954 0.107848 0.105134 0.019231
0 0.444988 0.112526 0.161369 0.018191
0 0.579462 0.115125 0.078240 0.018191
0 0.723716 0.116164 0.166259 0.016112
0 0.447433 0.259615 0.200489 0.018191
