0 0.232342 0.039568 0.286245 0.035971
0 0.625774 0.040288 0.453532 0.037410
0 0.232962 0.071223 0.047088 0.018705
0 0.305452 0.069424 0.085502 0.023741
0 0.417596 0.069424 0.096654 0.023741
0 0.517968 0.071942 0.096654 0.021583
0 0.623916 0.070863 0.102850 0.017986
0 0.699504 0.070504 0.030979 0.023022
0 0.261462 0.094604 0.017348 0.020863
0 0.327138 0.095324 0.071871 0.019424
0 0.423172 0.096043 0.100372 0.019424
0 0.523544 0.096763 0.083024 0.020863
0 0.624535 0.097482 0.096654 0.020863
0 0.465304 0.121223 0.164808 0.023741
0 0.457869 0.147842 0.152416 0.019424
0 0.403346 0.323741 0.192069 0.024460
