0 0.436111 0.259817 0.068519 0.017016
0 0.510648 0.259490 0.078704 0.009817
0 0.564352 0.259162 0.025000 0.009162
0 0.594907 0.259490 0.028704 0.011126
0 0.369907 0.300393 0.054630 0.010471
0 0.421759 0.298102 0.039815 0.012435
0 0.451389 0.297775 0.017593 0.010471
0 0.476852 0.298102 0.027778 0.015052
0 0.518056 0.298429 0.050926 0.011780
0 0.570833 0.297120 0.047222 0.015707
0 0.633796 0.294503 0.073148 0.015707
0 0.429630 0.312500 0.050000 0.013743
0 0.475926 0.308901 0.040741 0.010471
0 0.523148 0.311191 0.048148 0.013743
0 0.579630 0.309228 0.061111 0.018979
0 0.417593 0.374018 0.079630 0.013743
