0 0.252343 0.045326 0.119143 0.025496
0 0.400268 0.047096 0.157965 0.029037
0 0.608434 0.049221 0.226238 0.024788
0 0.742303 0.048159 0.030790 0.028329
0 0.475234 0.075779 0.243641 0.026912
0 0.145917 0.096671 0.064257 0.021955
0 0.221553 0.096671 0.078983 0.017705
0 0.283133 0.097025 0.028112 0.022663
0 0.350736 0.100212 0.093708 0.021955
0 0.463186 0.100567 0.104418 0.024079
0 0.572959 0.100567 0.096386 0.025496
0 0.734270 0.098088 0.215529 0.021955
0 0.287149 0.122167 0.124498 0.021955
0 0.427711 0.123584 0.151272 0.023371
0 0.561580 0.127479 0.103079 0.024079
0 0.673360 0.127833 0.101740 0.024788
0 0.289157 0.152620 0.088353 0.024788
0 0.414993 0.151204 0.152610 0.023371
0 0.544846 0.156516 0.104418 0.021246
0 0.655288 0.156161 0.108434 0.020538
0 0.473226 0.180949 0.199465 0.023371
0 0.421017 0.345963 0.172691 0.021955
