0 0.325183 0.055873 0.229829 0.027547
0 0.547066 0.062890 0.172372 0.021830
0 0.694377 0.065748 0.083130 0.021310
0 0.792176 0.065748 0.085575 0.018191
0 0.319071 0.075624 0.058680 0.019231
0 0.393643 0.075884 0.056235 0.021830
0 0.490831 0.079522 0.103912 0.018711
0 0.616748 0.081341 0.125917 0.020270
0 0.721883 0.082900 0.052567 0.021310
0 0.340465 0.093815 0.130807 0.019231
0 0.470049 0.095374 0.111247 0.020270
0 0.586186 0.098233 0.096577 0.018711
0 0.716993 0.101091 0.099022 0.016112
0 0.294010 0.108368 0.106357 0.018191
0 0.442543 0.111746 0.171149 0.017672
0 0.578240 0.115385 0.073350 0.018711
0 0.724939 0.117204 0.168704 0.020270
0 0.443765 0.260655 0.207824 0.019231
