0 0.334722 0.251963 0.049074 0.010471
0 0.371296 0.251309 0.024074 0.010471
0 0.399537 0.251309 0.028704 0.015707
0 0.436574 0.252291 0.050926 0.011126
0 0.477315 0.250982 0.030556 0.009817
0 0.331944 0.264725 0.039815 0.011126
0 0.369907 0.265380 0.036111 0.013743
0 0.406019 0.264398 0.037963 0.011780
0 0.427778 0.263089 0.014815 0.011780
0 0.458796 0.263743 0.045370 0.013089
0 0.500000 0.263743 0.044444 0.011780
0 0.542130 0.263089 0.036111 0.013089
0 0.578704 0.265052 0.044444 0.013089
0 0.338889 0.279777 0.057407 0.011126
0 0.392593 0.275196 0.046296 0.011126
0 0.435185 0.279450 0.048148 0.013089
0 0.494907 0.277487 0.071296 0.014398
0 0.550000 0.276832 0.040741 0.013089
0 0.598148 0.276832 0.055556 0.014398
0 0.330556 0.290576 0.044444 0.010471
0 0.375000 0.291230 0.044444 0.010471
0 0.417130 0.289594 0.047222 0.009817
