0 0.255689 0.046388 0.117805 0.024788
0 0.400937 0.046742 0.161981 0.025496
0 0.604418 0.049575 0.228916 0.024079
0 0.744980 0.049929 0.028112 0.026204
0 0.474565 0.077550 0.244980 0.024788
0 0.146586 0.094193 0.062918 0.022663
0 0.220214 0.096317 0.084337 0.021246
0 0.284471 0.098088 0.028112 0.021955
0 0.352744 0.099150 0.089692 0.024079
0 0.461178 0.099858 0.108434 0.025496
0 0.571620 0.100212 0.101740 0.023371
0 0.730254 0.099150 0.210174 0.018414
0 0.288487 0.124292 0.121821 0.020538
0 0.435743 0.125354 0.143240 0.028329
0 0.558902 0.126416 0.095047 0.024788
0 0.673360 0.125354 0.101740 0.024079
0 0.286479 0.152266 0.099063 0.019830
0 0.415663 0.152975 0.148594 0.021246
0 0.548193 0.153683 0.089692 0.019830
0 0.659973 0.154037 0.104418 0.024788
0 0.473226 0.182011 0.202142 0.024079
0 0.417671 0.346671 0.171352 0.020538
