0 0.301796 0.146378 0.220359 0.017574
0 0.513772 0.143378 0.182036 0.018431
0 0.663473 0.139520 0.069461 0.015002
0 0.759880 0.135448 0.077844 0.015431
0 0.284431 0.161809 0.061078 0.013288
0 0.365868 0.162023 0.056287 0.013716
0 0.456886 0.161809 0.106587 0.015002
0 0.585030 0.157523 0.130539 0.017574
0 0.687425 0.154308 0.047904 0.013716
0 0.313174 0.175954 0.125749 0.013288
0 0.441317 0.175096 0.106587 0.013288
0 0.557485 0.173382 0.094611 0.013288
0 0.685030 0.169096 0.105389 0.015859
0 0.262275 0.189456 0.102994 0.014574
0 0.413772 0.189241 0.171257 0.014145
0 0.546108 0.186455 0.069461 0.014574
0 0.693413 0.183240 0.170060 0.016717
0 0.417964 0.312045 0.203593 0.013716
