0 0.260375 0.045326 0.113788 0.024079
0 0.405622 0.046742 0.157965 0.019830
0 0.606426 0.048159 0.230254 0.025496
0 0.745649 0.049929 0.026774 0.026204
0 0.474565 0.074717 0.242303 0.026204
0 0.149933 0.095609 0.061580 0.021246
0 0.221553 0.094547 0.081660 0.021955
0 0.285810 0.097380 0.025435 0.023371
0 0.352075 0.098796 0.093708 0.024788
0 0.514056 0.099858 0.214190 0.026912
0 0.740295 0.098796 0.208835 0.023371
0 0.286479 0.122875 0.120482 0.026204
0 0.430388 0.126416 0.145917 0.024788
0 0.560241 0.127479 0.097724 0.025496
0 0.672691 0.127833 0.103079 0.024788
0 0.285141 0.153329 0.101740 0.023371
0 0.417001 0.152975 0.145917 0.022663
0 0.548193 0.156516 0.097724 0.021246
0 0.656627 0.155099 0.108434 0.022663
0 0.471218 0.180949 0.206158 0.026204
0 0.421017 0.344901 0.180723 0.022663
