0 0.327628 0.055094 0.227384 0.022869
0 0.548900 0.062630 0.168704 0.019231
0 0.696210 0.065489 0.077017 0.019751
0 0.794010 0.067308 0.074572 0.020270
0 0.319071 0.073025 0.056235 0.017152
0 0.397922 0.077443 0.052567 0.017672
0 0.484108 0.080821 0.105134 0.016112
0 0.614303 0.082121 0.123472 0.014553
0 0.723105 0.084200 0.047677 0.016632
0 0.343521 0.092516 0.129584 0.017672
0 0.473716 0.094854 0.106357 0.018191
0 0.589242 0.096414 0.090465 0.021310
0 0.714548 0.101351 0.103912 0.018711
0 0.288509 0.108628 0.102689 0.017672
0 0.443765 0.112786 0.166259 0.017672
0 0.578851 0.116164 0.074572 0.017152
0 0.722494 0.117464 0.168704 0.017672
0 0.443765 0.258576 0.210269 0.018191
