0 0.300000 0.147021 0.221557 0.017145
0 0.515569 0.143592 0.166467 0.018003
0 0.662275 0.139734 0.083832 0.013716
0 0.765868 0.135019 0.080240 0.016288
0 0.289222 0.161809 0.061078 0.013288
0 0.363473 0.161380 0.061078 0.014145
0 0.455090 0.161166 0.102994 0.013716
0 0.582036 0.156880 0.124551 0.013716
0 0.688024 0.153879 0.049102 0.011144
0 0.314371 0.175739 0.130539 0.012859
0 0.441916 0.174882 0.100599 0.012002
0 0.555689 0.172739 0.088623 0.012859
0 0.684431 0.169310 0.104192 0.014574
0 0.262874 0.189456 0.101796 0.013716
0 0.411377 0.188170 0.161677 0.013716
0 0.546108 0.187527 0.071856 0.013288
0 0.694012 0.182383 0.168862 0.015859
0 0.414970 0.311830 0.204790 0.015002
