0 0.205040 0.051329 0.107675 0.018116
0 0.340779 0.052838 0.101947 0.023551
0 0.546392 0.053744 0.245132 0.019324
0 0.741123 0.055254 0.080183 0.023551
0 0.208477 0.101147 0.054983 0.023551
0 0.264032 0.099638 0.051546 0.022947
0 0.352806 0.099638 0.091638 0.019324
0 0.452463 0.100543 0.098511 0.018720
0 0.542383 0.101449 0.058419 0.019324
0 0.606529 0.102657 0.053837 0.019324
0 0.689576 0.102657 0.087056 0.024155
0 0.363688 0.125000 0.090493 0.019324
0 0.457617 0.125000 0.079038 0.015700
0 0.551546 0.126812 0.085911 0.018116
0 0.322451 0.788949 0.177549 0.019928
