0 0.349074 0.230845 0.083333 0.012443
0 0.451389 0.230845 0.117593 0.012443
0 0.529167 0.229862 0.030556 0.013098
0 0.563889 0.228553 0.033333 0.014407
0 0.431481 0.240341 0.066667 0.014407
0 0.338889 0.265226 0.014815 0.010478
0 0.364815 0.267191 0.027778 0.014407
0 0.402315 0.264571 0.037963 0.011788
0 0.434259 0.263916 0.022222 0.017027
0 0.467130 0.264898 0.050926 0.013752
0 0.530093 0.265226 0.076852 0.010478
0 0.379167 0.276031 0.047222 0.015062
0 0.419444 0.277014 0.038889 0.010478
0 0.453241 0.277014 0.032407 0.011788
0 0.486111 0.277996 0.037037 0.013752
0 0.522222 0.276031 0.037037 0.012443
