0 0.261714 0.043555 0.124498 0.029037
0 0.406292 0.044972 0.159304 0.030453
0 0.607095 0.049575 0.220884 0.033994
0 0.744311 0.047450 0.032129 0.024079
0 0.476573 0.074008 0.246319 0.027620
0 0.145917 0.095609 0.058902 0.019830
0 0.220884 0.096671 0.077644 0.023371
0 0.283133 0.098796 0.025435 0.021955
0 0.350067 0.098442 0.103079 0.025496
0 0.461847 0.098088 0.104418 0.029037
0 0.570950 0.102337 0.095047 0.020538
0 0.739625 0.098796 0.212851 0.023371
0 0.287149 0.124292 0.127175 0.020538
0 0.435743 0.125000 0.151272 0.024788
0 0.558902 0.127479 0.100402 0.024079
0 0.672021 0.128541 0.115127 0.027620
0 0.283133 0.150850 0.100402 0.022663
0 0.411647 0.154391 0.145917 0.022663
0 0.542169 0.155099 0.104418 0.028329
0 0.655957 0.156161 0.109772 0.020538
0 0.471218 0.178824 0.214190 0.024788
0 0.420348 0.344901 0.182062 0.024079
