0 0.164430 0.108743 0.140940 0.027322
0 0.324385 0.109290 0.111857 0.030601
0 0.482103 0.108743 0.149888 0.022951
0 0.683445 0.109290 0.203579 0.030601
0 0.140940 0.162295 0.089485 0.025137
0 0.267338 0.161749 0.118568 0.026230
0 0.402685 0.163388 0.089485 0.025137
0 0.569351 0.163388 0.208054 0.025137
0 0.766219 0.163388 0.149888 0.025137
0 0.168904 0.187432 0.145414 0.029508
0 0.294183 0.189617 0.055928 0.025137
0 0.560403 0.191803 0.118568 0.025137
0 0.699105 0.190164 0.123043 0.024044
0 0.209172 0.761202 0.225951 0.022951
