0 0.165548 0.108743 0.138702 0.027322
0 0.318792 0.109290 0.131991 0.028415
0 0.484340 0.107650 0.154362 0.029508
0 0.683445 0.108743 0.212528 0.029508
0 0.134228 0.161749 0.089485 0.026230
0 0.263982 0.162842 0.120805 0.024044
0 0.393736 0.162295 0.098434 0.025137
0 0.568233 0.165027 0.205817 0.026230
0 0.771812 0.163388 0.156600 0.027322
0 0.165548 0.187978 0.152125 0.028415
0 0.293065 0.185246 0.062640 0.031694
0 0.552573 0.190710 0.120805 0.029508
0 0.702461 0.192350 0.125280 0.026230
0 0.210291 0.761749 0.232662 0.026230
