0 0.255689 0.043909 0.112450 0.024079
0 0.404284 0.043909 0.163320 0.029745
0 0.605087 0.047450 0.224900 0.032578
0 0.744311 0.047450 0.032129 0.028329
0 0.476573 0.076133 0.246319 0.026204
0 0.145248 0.095963 0.062918 0.021955
0 0.222222 0.094901 0.082999 0.025496
0 0.281794 0.096671 0.030790 0.019122
0 0.353414 0.097380 0.099063 0.026204
0 0.463855 0.098796 0.108434 0.024788
0 0.571620 0.099858 0.104418 0.025496
0 0.733601 0.098442 0.211513 0.024079
0 0.284471 0.124292 0.129853 0.021955
0 0.428380 0.125000 0.152610 0.021955
0 0.560910 0.127125 0.101740 0.023371
0 0.674699 0.128187 0.107095 0.022663
0 0.285810 0.153683 0.097724 0.028329
0 0.416332 0.151912 0.147256 0.024788
0 0.551539 0.154745 0.096386 0.027620
0 0.661312 0.156161 0.104418 0.024788
0 0.467871 0.179887 0.220884 0.025496
0 0.424364 0.345963 0.176707 0.023371
