0 0.164430 0.107650 0.149888 0.025137
0 0.325503 0.109290 0.109620 0.026230
0 0.483221 0.109290 0.143177 0.024044
0 0.685682 0.110929 0.194631 0.025137
0 0.143177 0.161749 0.093960 0.024044
0 0.265101 0.162295 0.118568 0.025137
0 0.395973 0.163388 0.089485 0.027322
0 0.564877 0.162842 0.208054 0.026230
0 0.771812 0.164481 0.152125 0.025137
0 0.170022 0.190164 0.147651 0.024044
0 0.290828 0.190164 0.049217 0.026230
0 0.562640 0.190164 0.118568 0.024044
0 0.703579 0.191257 0.118568 0.026230
0 0.215884 0.761749 0.230425 0.024044
